p0 0 20 60
p1 0 19 60
p2 0 18 60
p3 0 17 60
p4 0 16 60
p5 0 15 60
p6 0 14 60
p7 0 13 60
p8 0 12 60
p9 0 11 60
p10 0 10 60
p11 0 9 60
p12 13 5 20
p13 12 5 20
p14 11 5 20
p15 10 5 20
p16 9 5 20
p17 8 5 20
p18 7 5 20
p19 6 5 20
p20 5 5 20
p21 4 5 20
p22 3 5 20
p23 2 5 20
p24 30 20 50
p25 30 19 50
p26 30 18 50
p27 30 17 50
p28 30 16 50
p29 30 15 50
p30 30 14 50
p31 30 13 50
p32 30 12 50
p33 30 11 50
p34 30 10 50
p35 30 9 60
p36 40 5 60
p37 41 5 60
p38 42 5 60
p39 43 5 60
p40 44 5 60
p41 45 5 60
p42 46 5 60
p43 47 5 60
p44 48 5 60
p45 49 5 60
p46 50 5 60
p47 51 5 60
p48 50 20 70
p49 50 19 70
p50 50 18 70
p51 50 17 70
p52 50 16 70
p53 50 15 70
p54 50 14 70
p55 50 13 70
p56 50 12 70
p57 50 11 70
p58 50 10 70
p59 50 9 60
p60 50 1 60
p61 61 1 60
p62 62 1 60
p63 63 1 60
p64 64 1 60
p65 65 1 60
p66 66 1 60
p67 67 1 60
p68 68 1 60
p69 69 1 60
p70 70 1 60
p71 71 1 60
p72 72 18 60
p73 72 17 60
p74 72 16 60
p75 72 15 60
p76 72 14 60
p77 72 13 60
p78 72 12 60
p79 72 11 60
p80 72 10 60
p81 72 9 60
p82 83 3 95
p83 82 3 95
p84 81 3 95
p85 80 3 95
p86 90 3 95
p87 90 3 95
p88 90 3 95
p89 90 3 95
p90 90 3 95
p91 90 3 95
p92 90 3 95
p93 90 3 95
p94 90 3 95
p93 90 3 95
