p0 0 6 10
p1 10 1 10
p2 10 10 18
p3 10 1 28
p4 10 7 14
p5 10 6 35
p6 10 4 52
p7 10 9 73
p8 10 5 58
p9 10 9 64
p10 10 3 30
p11 10 5 32
p12 10 7 94
p13 20 7 101
p14 20 7 136
p15 20 9 70
p16 20 6 26
p17 20 8 10
p18 20 8 118
p19 20 10 162
p20 20 4 110
p21 20 3 94
p22 20 4 186
p23 20 8 56
p24 20 1 10
p25 30 5 185
p26 30 1 62
p27 30 2 10
p28 30 9 234
p29 30 8 242
p30 30 5 130
p31 30 8 165
p32 30 9 298
p33 30 7 142
p34 30 5 180
p35 30 1 185
p36 30 3 262
p37 40 9 158
p38 40 9 276
p39 40 10 283
p40 40 5 330
p41 40 3 133
p42 40 5 262
p43 40 5 182
p44 40 5 186
p45 40 9 55
p46 40 10 378
p47 40 1 245
p48 40 2 442
p49 50 7 402
p50 50 6 310
p51 50 6 316
p52 50 3 374
p53 50 6 169
p54 50 3 118
p55 50 3 230
p56 50 1 514
p57 50 6 238
p58 50 1 358
p59 50 1 128
p60 50 4 370
p61 60 6 498
p62 60 6 258
p63 60 4 325
p64 60 4 394
p65 60 3 595
p66 60 8 538
p67 60 9 546
p68 60 4 78
p69 60 6 355
p70 60 2 570
p71 60 8 507
p72 60 5 82
p73 70 8 302
p74 70 7 306
p75 70 2 535
p76 70 8 162
p77 70 9 626
p78 70 4 166
p79 70 10 168
p80 70 4 650
p81 70 9 91
p82 70 2 256
p83 70 7 508
p84 70 2 430
p85 80 4 180
p86 80 10 268
p87 80 7 184
p88 80 7 274
p89 80 1 366
p90 80 4 460
p91 80 8 283
p92 80 4 102
p93 80 4 475
p94 80 10 762
p95 80 7 390
p96 80 7 490
p97 90 1 398
p98 90 4 892
p99 90 5 604
p100 90 1 410
p101 90 10 919
p102 90 2 10
p103 90 6 628
p104 90 3 10
p105 90 6 745
p106 90 3 540
p107 90 9 438
p108 90 10 550
p109 100 4 228
p110 100 9 120
p111 100 7 121
p112 100 7 682
p113 100 7 688
p114 100 5 124
p115 100 8 10
p116 100 3 590
p117 100 8 829
p118 100 6 600
p119 100 6 486
p120 100 5 850
p121 110 5 252
p122 110 7 742
p123 110 3 379
p124 110 8 1002
p125 110 10 885
p126 110 10 640
p127 110 3 899
p128 110 6 906
p129 110 9 1042
p130 110 1 1180
p131 110 7 665
p132 110 3 274
p133 120 9 675
p134 120 1 948
p135 120 7 685
p136 120 9 554
p137 120 3 147
p138 120 5 838
p139 120 5 566
p140 120 3 150
p141 120 7 715
p142 120 3 436
p143 120 1 10
p144 120 9 1018
p145 130 10 1170
p146 130 6 156
p147 130 4 1039
p148 130 4 10
p149 130 10 457
p150 130 2 760
p151 130 2 916
p152 130 8 162
p153 130 8 469
p154 130 9 472
p155 130 5 320
p156 130 8 322
p157 140 8 324
p158 140 4 326
p159 140 10 1123
p160 140 8 490
p161 140 5 10
p162 140 9 334
p163 140 3 10
p164 140 4 502
p165 140 1 670
p166 140 1 1006
p167 140 8 177
p168 140 5 1522
p169 150 3 855
p170 150 10 690
p171 150 9 1378
p172 150 3 1042
p173 150 9 875
p174 150 3 880
p175 150 2 10
p176 150 3 1594
p177 150 5 895
p178 150 6 10
p179 150 6 1442
p180 150 3 190
p181 160 10 915
p182 160 7 738
p183 160 4 1291
p184 160 3 562
p185 160 8 1305
p186 160 8 568
p187 160 10 1132
p188 160 2 10
p189 160 8 10
p190 160 3 1150
p191 160 8 1538
p192 160 7 778
p193 170 8 203
p194 170 3 592
p195 170 7 400
p196 170 1 1186
p197 170 2 1192
p198 170 4 1594
p199 170 2 1204
p200 170 7 1410
p201 170 1 211
p202 170 8 616
p203 170 4 213
p204 170 4 10
p205 180 7 625
p206 180 2 1040
p207 180 1 838
p208 180 8 1882
p209 180 6 1473
p210 180 2 1900
p211 180 7 221
p212 180 8 222
p213 180 3 1927
p214 180 8 438
p215 180 2 655
p216 180 5 658
p217 190 8 661
p218 190 8 664
p219 190 5 448
p220 190 6 10
p221 190 9 452
p222 190 7 2008
p223 190 1 1794
p224 190 8 1354
p225 190 6 1135
p226 190 8 1818
p227 190 3 691
p228 190 3 1378
p229 200 2 926
p230 200 10 10
p231 200 6 934
p232 200 1 1402
p233 200 10 942
p234 200 8 2116
p235 200 10 1185
p236 200 9 954
p237 200 6 2143
p238 200 8 1438
p239 200 3 1922
p240 200 4 1450
p241 210 6 10
p242 210 4 494
p243 210 2 2197
p244 210 6 1962
p245 210 1 990
p246 210 1 994
p247 210 3 1739
p248 210 3 506
p249 210 2 508
p250 210 10 260
p251 210 8 763
p252 210 3 1774
p253 220 7 1275
p254 220 4 10
p255 220 9 10
p256 220 1 2058
p257 220 4 781
p258 220 5 1558
p259 220 7 1564
p260 220 1 2350
p261 220 7 2098
p262 220 6 534
p263 220 6 2114
p264 220 3 1858
p265 230 1 1600
p266 230 10 542
p267 230 2 2146
p268 230 4 546
p269 230 5 2431
p270 230 1 2170
p271 230 7 552
p272 230 9 10
p273 230 9 2467
p274 230 6 558
p275 230 5 1110
p276 230 3 1942
p277 240 1 10
p278 240 1 2234
p279 240 8 1405
p280 240 4 850
p281 240 8 10
p282 240 9 856
p283 240 6 2274
p284 240 1 294
p285 240 2 2575
p286 240 4 10
p287 240 1 2019
p288 240 10 298
p289 250 5 2611
p290 250 6 1750
p291 250 5 10
p292 250 1 2346
p293 250 9 1768
p294 250 4 10
p295 250 6 2075
p296 250 8 1786
p297 250 10 604
p298 250 4 1500
p299 250 9 1804
p300 250 8 910
p301 260 4 2719
p302 260 10 312
p303 260 3 1525
p304 260 7 10
p305 260 7 2450
p306 260 9 622
p307 260 3 624
p308 260 9 10
p309 260 4 10
p310 260 10 940
p311 260 1 2498
p312 260 4 2194
p313 270 5 323
p314 270 1 2522
p315 270 4 1585
p316 270 7 2222
p317 270 1 2546
p318 270 6 2236
p319 270 8 967
p320 270 4 650
p321 270 7 1294
p322 270 9 1298
p323 270 5 2594
p324 270 1 2278
p325 280 3 2935
p326 280 1 2944
p327 280 9 1318
p328 280 7 1650
p329 280 4 1655
p330 280 3 1990
p331 280 6 2658
p332 280 7 10
p333 280 9 2008
p334 280 2 344
p335 280 6 2355
p336 280 4 2026
p337 290 1 347
p338 290 2 686
p339 290 2 2383
p340 290 7 350
p341 290 4 1033
p342 290 9 2746
p343 290 4 1039
p344 290 1 2074
p345 290 5 2770
p346 290 7 702
p347 290 4 3133
p348 290 8 1402
p349 300 9 1057
p350 300 3 2810
p351 300 6 1063
p352 300 6 2122
p353 300 9 2481
p354 300 7 2842
p355 300 1 3205
p356 300 3 1078
p357 300 4 1081
p358 300 9 10
p359 300 9 2523
p360 300 8 3250
p361 310 2 732
p362 310 3 2182
p363 310 1 2188
p364 310 2 374
p365 310 1 2930
p366 310 3 1474
p367 310 1 2579
p368 310 7 3322
p369 310 8 2962
p370 310 8 1120
p371 310 9 3349
p372 310 5 382
p373 320 5 383
p374 320 1 1132
p375 320 3 760
p376 320 6 3018
p377 320 5 1895
p378 320 5 3412
p379 320 1 2284
p380 320 6 2670
p381 320 2 772
p382 320 2 3448
p383 320 1 1159
p384 320 4 3082
p385 330 2 2705
p386 330 10 782
p387 330 5 3493
p388 330 3 1174
p389 330 9 3122
p390 330 3 1180
p391 330 4 792
p392 330 9 3538
p393 330 9 3547
p394 330 6 1586
p395 330 2 405
p396 330 6 10
p397 340 2 1995
p398 340 9 2796
p399 340 8 409
p400 340 2 810
p401 340 5 10
p402 340 2 10
p403 340 6 10
p404 340 9 1222
p405 340 9 1630
p406 340 7 1228
p407 340 3 1231
p408 340 3 2458
p409 350 1 419
p410 350 5 3290
p411 350 1 1654
p412 350 10 422
p413 350 1 836
p414 350 6 3736
p415 350 2 2915
p416 350 10 2506
p417 350 7 3346
p418 350 9 10
p419 350 7 1686
p420 350 9 3790
p421 360 3 1694
p422 360 9 2542
p423 360 4 1702
p424 360 8 10
p425 360 1 2135
p426 360 2 1288
p427 360 6 1291
p428 360 8 10
p429 360 3 3013
p430 360 8 870
p431 360 10 2165
p432 360 4 2602
p433 370 8 3041
p434 370 2 1746
p435 370 6 1315
p436 370 10 446
p437 370 1 3943
p438 370 6 3952
p439 370 1 2205
p440 370 1 1330
p441 370 9 892
p442 370 6 1778
p443 370 7 2225
p444 370 4 1786
p445 380 8 3570
p446 380 5 10
p447 380 9 2692
p448 380 6 3146
p449 380 4 3153
p450 380 1 4060
p451 380 3 3618
p452 380 8 914
p453 380 2 916
p454 380 8 2280
p455 380 9 1375
p456 380 9 10
p457 390 5 3666
p458 390 7 2300
p459 390 1 10
p460 390 10 470
p461 390 2 3237
p462 390 6 1396
p463 390 3 473
p464 390 10 938
p465 390 2 3730
p466 390 9 476
p467 390 4 1878
p468 390 7 3754
p469 400 4 3293
p470 400 1 1890
p471 400 5 1423
p472 400 2 3786
p473 400 5 10
p474 400 1 3328
p475 400 9 1910
p476 400 4 4294
p477 400 5 487
p478 400 6 3834
p479 400 1 4321
p480 400 8 1930
p481 410 6 1934
p482 410 9 2420
p483 410 4 4357
p484 410 7 2914
p485 410 3 2920
p486 410 10 3898
p487 410 10 2932
p488 410 7 1474
p489 410 3 1477
p490 410 10 4420
p491 410 1 1483
p492 410 5 994
p493 420 3 2475
p494 420 7 504
p495 420 6 1990
p496 420 9 1498
p497 420 9 507
p498 420 3 3994
p499 420 6 2006
p500 420 1 10
p501 420 1 3517
p502 420 7 1014
p503 420 6 4537
p504 420 5 2026
p505 430 6 4555
p506 430 3 1528
p507 430 8 3052
p508 430 4 4582
p509 430 1 519
p510 430 7 4600
p511 430 3 3076
p512 430 10 2058
p513 430 6 1036
p514 430 7 1552
p515 430 4 10
p516 430 10 4654
p517 440 4 1561
p518 440 6 3636
p519 440 3 10
p520 440 10 4690
p521 440 6 3657
p522 440 6 1054
p523 440 2 1056
p524 440 5 4202
p525 440 8 1585
p526 440 10 1062
p527 440 9 4753
p528 440 5 10
p529 450 4 1597
p530 450 6 1070
p531 450 2 4258
p532 450 3 2670
p533 450 5 2142
p534 450 7 4816
p535 450 9 3220
p536 450 7 3226
p537 450 1 1621
p538 450 9 548
p539 450 1 549
p540 450 7 2170
p541 460 7 4879
p542 460 10 4346
p543 460 9 3268
p544 460 1 2730
p545 460 8 1100
p546 460 1 3832
p547 460 5 4933
p548 460 6 2202
p549 460 4 4951
p550 460 8 1110
p551 460 1 2214
p552 460 8 1666
p553 470 8 10
p554 470 4 3888
p555 470 2 5005
p556 470 9 5014
p557 470 8 5023
p558 470 7 5032
p559 470 5 3364
p560 470 1 4490
p561 470 8 1132
p562 470 4 1134
p563 470 8 1136
p564 470 4 4522
p565 480 3 1140
p566 480 7 10
p567 480 7 2278
p568 480 5 3418
p569 480 6 2855
p570 480 5 4000
p571 480 10 4007
p572 480 9 1154
p573 480 3 3448
